arman_2-contig-1 3 146 0.361
arman_2-contig-1 587 1552 0.341
arman_2-contig-1 1589 2020 0.428
arman_2-contig-1 2031 2588 0.455
arman_2-contig-1 2748 3083 0.458
arman_2-contig-1 3181 3816 0.410
arman_2-contig-1 3932 4765 0.464
arman_2-contig-1 4804 5811 0.392
arman_2-contig-1 5954 6652 0.402
arman_2-contig-1 6658 6903 0.402
arman_2-contig-1 7039 7491 0.486
arman_2-contig-1 7622 8140 0.455
arman_2-contig-1 8256 8960 0.489
arman_2-contig-1 8982 9605 0.482
arman_2-contig-1 9657 10184 0.489
arman_2-contig-1 10476 11288 0.522
arman_2-contig-1 11293 11487 0.467
arman_2-contig-2 3 3740 0.461
arman_2-contig-2 3742 4254 0.435
arman_2-contig-2 4226 4609 0.419
arman_2-contig-2 4606 5457 0.442
arman_2-contig-2 5563 7125 0.461
arman_2-contig-2 7317 8105 0.402
arman_2-contig-2 8110 8472 0.369
arman_2-contig-2 8495 8926 0.387
arman_2-contig-2 8926 9528 0.386
arman_2-contig-2 9482 10543 0.385
arman_2-contig-2 10524 11165 0.430
arman_2-contig-2 11162 11518 0.473
arman_2-contig-2 11508 11858 0.425
arman_2-contig-2 11851 12135 0.498
arman_2-contig-2 12144 12431 0.424
arman_2-contig-2 12442 13749 0.472
arman_2-contig-2 14197 14367 0.509
arman_2-contig-3 3 659 0.492
arman_2-contig-3 618 1712 0.411
arman_2-contig-3 2943 3557 0.265
arman_2-contig-3 3930 4289 0.544
arman_2-contig-3 4344 5684 0.519
arman_2-contig-3 5647 5958 0.478
arman_2-contig-3 6167 7765 0.514
arman_2-contig-3 7830 8954 0.525
arman_2-contig-3 9030 9278 0.510
arman_2-contig-3 9324 9722 0.489
arman_2-contig-3 10107 10259 0.477
arman_2-contig-3 10281 10499 0.498
arman_2-contig-3 10512 10976 0.510
arman_2-contig-3 10999 12894 0.525
arman_2-contig-3 12962 14047 0.496
arman_2-contig-3 14085 14360 0.522
arman_2-contig-3 14477 15058 0.521
arman_2-contig-3 15136 15936 0.484
arman_2-contig-3 15938 17101 0.512
arman_2-contig-3 17494 17784 0.526
arman_2-contig-3 17895 18965 0.528
arman_2-contig-3 18975 21515 0.524
arman_2-contig-3 21651 23216 0.550
arman_2-contig-3 23255 24094 0.537
arman_2-contig-3 24233 24871 0.513
arman_2-contig-3 24868 25533 0.553
arman_2-contig-3 25551 26438 0.551
arman_2-contig-3 26463 27086 0.516
arman_2-contig-3 27118 27813 0.534
arman_2-contig-3 27919 32658 0.514
arman_2-contig-3 32693 34255 0.456
arman_2-contig-3 34359 34997 0.516
arman_2-contig-3 35078 35734 0.499
arman_2-contig-3 35871 36752 0.483
arman_2-contig-3 36788 37312 0.501
arman_2-contig-3 37296 38378 0.525
arman_2-contig-3 38375 38950 0.481
arman_2-contig-3 38984 39361 0.519
arman_2-contig-3 39446 40249 0.468
arman_2-contig-3 40308 41225 0.488
arman_2-contig-3 41295 42626 0.518
arman_2-contig-3 42663 43082 0.469
arman_2-contig-3 43183 44058 0.533
arman_2-contig-3 44122 44547 0.415
arman_2-contig-3 44552 45022 0.482
arman_2-contig-3 45047 45187 0.489
arman_2-contig-3 45267 45728 0.474
arman_2-contig-3 45881 46201 0.421
arman_2-contig-3 46233 47501 0.474
arman_2-contig-3 47749 48519 0.519
arman_2-contig-3 48524 49522 0.517
arman_2-contig-3 49692 50492 0.363
arman_2-contig-3 50489 50716 0.338
arman_2-contig-4 3 290 0.448
arman_2-contig-4 467 3634 0.504
arman_2-contig-4 3631 3831 0.448
arman_2-contig-4 3942 5213 0.506
arman_2-contig-4 5224 6558 0.509
arman_2-contig-4 6563 8482 0.526
arman_2-contig-4 8477 9556 0.503
arman_2-contig-4 9661 10899 0.500
arman_2-contig-4 10904 13165 0.489
arman_2-contig-4 13165 13422 0.488
arman_2-contig-4 13443 13637 0.462
arman_2-contig-4 13631 14311 0.499
arman_2-contig-4 14343 14972 0.441
arman_2-contig-4 14969 15262 0.517
arman_2-contig-4 15264 16340 0.518
arman_2-contig-4 16333 17085 0.502
arman_2-contig-4 17089 18114 0.482
arman_2-contig-4 18119 18508 0.533
arman_2-contig-4 18677 19390 0.494
arman_2-contig-4 19545 20834 0.497
arman_2-contig-4 20834 22393 0.529
arman_2-contig-4 22402 23121 0.532
arman_2-contig-4 23121 24215 0.519
arman_2-contig-4 24220 25254 0.504
arman_2-contig-4 25622 25819 0.566
arman_2-contig-4 26213 26629 0.480
arman_2-contig-4 26967 27467 0.527
arman_2-contig-4 27488 28285 0.461
arman_2-contig-4 28355 31651 0.498
arman_2-contig-4 31648 33564 0.507
arman_2-contig-4 33569 34108 0.504
arman_2-contig-4 34115 36991 0.496
arman_2-contig-4 37043 38350 0.523
arman_2-contig-4 38367 38708 0.515
arman_2-contig-4 38803 39768 0.503
arman_2-contig-4 39778 41631 0.494
arman_2-contig-4 41653 42369 0.474
arman_2-contig-4 42529 43749 0.508
arman_2-contig-4 44056 44274 0.457
arman_2-contig-4 44340 44672 0.423
arman_2-contig-4 45585 46709 0.476
arman_2-contig-4 46759 47241 0.480
arman_2-contig-4 47396 47980 0.453
arman_2-contig-4 47985 49289 0.481
arman_2-contig-4 49387 50112 0.459
arman_2-contig-4 50243 50608 0.516
arman_2-contig-4 50622 50900 0.530
arman_2-contig-4 51032 51673 0.488
arman_2-contig-4 51944 54103 0.536
arman_2-contig-4 54129 54524 0.535
arman_2-contig-4 54547 55755 0.524
arman_2-contig-4 55808 55966 0.415
arman_2-contig-4 56073 57365 0.519
arman_2-contig-4 57448 57822 0.515
arman_2-contig-4 57842 58144 0.465
arman_2-contig-4 58298 59170 0.518
arman_2-contig-4 59314 60738 0.524
arman_2-contig-4 60968 61411 0.514
arman_2-contig-4 61457 62731 0.515
arman_2-contig-4 62737 64290 0.521
arman_2-contig-4 64576 65526 0.467
arman_2-contig-4 65563 66306 0.499
arman_2-contig-4 66350 67246 0.502
arman_2-contig-4 67257 67946 0.519
arman_2-contig-4 67943 68884 0.538
arman_2-contig-4 68917 69303 0.475
arman_2-contig-4 69614 69811 0.495
arman_2-contig-4 69889 70464 0.530
arman_2-contig-4 70531 72522 0.510
arman_2-contig-4 72528 73160 0.466
arman_2-contig-4 73454 74455 0.505
arman_2-contig-4 74485 74916 0.470
arman_2-contig-4 74978 76051 0.529
arman_2-contig-4 76060 77025 0.514
arman_2-contig-4 77037 78275 0.525
arman_2-contig-4 78284 79648 0.533
arman_2-contig-4 79656 80390 0.517
arman_2-contig-4 80452 81186 0.529
arman_2-contig-4 81241 81933 0.488
arman_2-contig-4 81949 82800 0.487
arman_2-contig-4 82944 83666 0.494
arman_2-contig-4 83684 84706 0.503
arman_2-contig-4 84717 86135 0.499
arman_2-contig-4 86272 86721 0.438
arman_2-contig-4 87083 87667 0.419
arman_2-contig-4 88230 89393 0.503
arman_2-contig-4 89478 89828 0.359
arman_2-contig-4 90166 90498 0.375
arman_2-contig-4 91034 91732 0.306
arman_2-contig-4 91877 92920 0.330
arman_2-contig-4 93153 94697 0.372
arman_2-contig-4 94770 94901 0.439
arman_2-contig-4 95220 95525 0.422
arman_2-contig-4 95689 95853 0.455
arman_2-contig-4 95903 96304 0.353
arman_2-contig-4 96295 97281 0.415
arman_2-contig-4 97298 99517 0.412
arman_2-contig-4 99504 100655 0.455
arman_2-contig-5 2 97 0.417
arman_2-contig-5 45 977 0.477
arman_2-contig-5 1207 1305 0.616
arman_2-contig-5 1312 1566 0.522
arman_2-contig-5 1583 2590 0.461
arman_2-contig-5 2598 4193 0.488
arman_2-contig-5 4234 5067 0.496
arman_2-contig-5 5068 5895 0.512
arman_2-contig-5 5932 7422 0.504
arman_2-contig-5 7415 7726 0.510
arman_2-contig-5 7738 8157 0.524
arman_2-contig-5 8212 8955 0.497
arman_2-contig-5 8958 9113 0.436
arman_2-contig-5 9135 11492 0.494
arman_2-contig-5 11494 13119 0.522
arman_2-contig-5 13116 13649 0.457
arman_2-contig-5 13775 14464 0.475
arman_2-contig-5 14547 16412 0.490
arman_2-contig-5 16432 17139 0.492
arman_2-contig-5 17146 18822 0.497
arman_2-contig-5 18825 20309 0.490
arman_2-contig-5 20319 21089 0.463
arman_2-contig-5 21274 21597 0.497
arman_2-contig-5 21688 24129 0.483
arman_2-contig-5 24180 24647 0.453
arman_2-contig-5 24654 25220 0.473
arman_2-contig-5 25247 25570 0.488
arman_2-contig-5 25579 25938 0.469
arman_2-contig-5 25959 26267 0.495
arman_2-contig-5 26278 28461 0.522
arman_2-contig-5 28463 29023 0.522
arman_2-contig-5 29082 29654 0.447
arman_2-contig-5 29856 30347 0.500
arman_2-contig-5 30350 30664 0.467
arman_2-contig-5 30785 31072 0.517
arman_2-contig-5 31066 31635 0.463
arman_2-contig-5 31672 32004 0.477
arman_2-contig-5 32131 33045 0.510
arman_2-contig-5 33054 33608 0.501
arman_2-contig-5 33603 35558 0.501
arman_2-contig-5 35559 35876 0.484
arman_2-contig-5 35873 36064 0.453
arman_2-contig-5 36057 36677 0.501
arman_2-contig-5 36664 38058 0.510
arman_2-contig-5 38071 39831 0.528
arman_2-contig-5 39828 40151 0.475
arman_2-contig-5 40158 41213 0.464
arman_2-contig-5 41219 41782 0.509
arman_2-contig-5 41798 42028 0.502
arman_2-contig-5 42141 42473 0.505
arman_2-contig-5 42605 43027 0.416
arman_2-contig-5 43134 43643 0.447
arman_2-contig-5 43707 44345 0.430
arman_2-contig-5 44519 45586 0.503
arman_2-contig-5 45598 46626 0.518
arman_2-contig-5 46739 47146 0.466
arman_2-contig-5 47149 47508 0.467
arman_2-contig-5 47508 47693 0.446
arman_2-contig-5 47680 48321 0.452
arman_2-contig-5 48336 49040 0.444
arman_2-contig-5 49042 49425 0.411
arman_2-contig-5 49542 50129 0.432
arman_2-contig-5 50154 51119 0.454
arman_2-contig-5 51109 52671 0.439
arman_2-contig-5 52808 53248 0.467
arman_2-contig-5 53410 54546 0.448
arman_2-contig-5 54568 55041 0.498
arman_2-contig-5 55271 56953 0.497
arman_2-contig-5 56958 57494 0.453
arman_2-contig-5 57620 59197 0.471
arman_2-contig-5 59185 60348 0.466
arman_2-contig-5 60465 60743 0.459
arman_2-contig-5 60789 61976 0.497
arman_2-contig-5 62125 62322 0.359
arman_2-contig-5 62341 63123 0.502
arman_2-contig-5 63243 63509 0.419
arman_2-contig-5 63515 65029 0.482
arman_2-contig-5 65037 68480 0.512
arman_2-contig-5 68481 70223 0.505
arman_2-contig-5 70299 72536 0.475
arman_2-contig-5 72549 73532 0.468
arman_2-contig-5 73601 74803 0.497
arman_2-contig-5 74839 75381 0.510
arman_2-contig-5 75472 76266 0.511
arman_2-contig-5 76307 76999 0.444
arman_2-contig-5 77212 77433 0.405
arman_2-contig-5 77426 77740 0.413
arman_2-contig-5 77876 78163 0.462
arman_2-contig-5 78169 78651 0.472
arman_2-contig-5 78719 80248 0.516
arman_2-contig-5 80322 80741 0.505
arman_2-contig-5 80828 81469 0.536
arman_2-contig-5 81747 82085 0.407
arman_2-contig-5 82271 82450 0.417
arman_2-contig-5 82631 82939 0.508
arman_2-contig-5 82949 84205 0.509
arman_2-contig-5 84474 84572 0.485
arman_2-contig-5 84672 85412 0.516
arman_2-contig-5 85430 85942 0.478
arman_2-contig-5 86002 86241 0.529
arman_2-contig-6 72 1580 0.529
arman_2-contig-6 1647 2048 0.448
arman_2-contig-6 2185 2949 0.535
arman_2-contig-6 3035 3754 0.526
arman_2-contig-6 3738 4460 0.491
arman_2-contig-6 4436 5542 0.530
arman_2-contig-6 5544 6032 0.474
arman_2-contig-6 6016 6561 0.504
arman_2-contig-6 6747 7676 0.513
arman_2-contig-6 7739 7873 0.407
arman_2-contig-6 7980 9341 0.523
arman_2-contig-6 9850 10920 0.488
arman_2-contig-6 10937 12430 0.492
arman_2-contig-6 12522 13355 0.500
arman_2-contig-6 13347 14009 0.502
arman_2-contig-6 14086 20190 0.492
arman_2-contig-6 20234 21856 0.508
arman_2-contig-6 21891 22610 0.457
arman_2-contig-6 22611 23378 0.482
arman_2-contig-6 23394 23819 0.484
arman_2-contig-6 23835 25016 0.457
arman_2-contig-6 25193 25564 0.497
arman_2-contig-6 25594 26298 0.496
arman_2-contig-6 26389 27945 0.489
arman_2-contig-6 27949 28938 0.534
arman_2-contig-6 28975 29520 0.485
arman_2-contig-6 29720 30283 0.495
arman_2-contig-6 30302 31171 0.520
arman_2-contig-6 31200 31706 0.511
arman_2-contig-6 31755 32912 0.518
arman_2-contig-6 33011 35137 0.535
arman_2-contig-6 35176 36090 0.527
arman_2-contig-6 36142 36588 0.443
arman_2-contig-6 36653 37375 0.467
arman_2-contig-6 37417 38292 0.485
arman_2-contig-6 38352 41192 0.524
arman_2-contig-6 41193 41879 0.521
arman_2-contig-6 41938 42387 0.484
arman_2-contig-6 42480 43199 0.465
arman_2-contig-6 43213 44169 0.450
arman_2-contig-6 44340 46820 0.516
arman_2-contig-6 46830 47777 0.558
arman_2-contig-6 47854 48171 0.453
arman_2-contig-6 48251 50539 0.534
arman_2-contig-6 50721 51158 0.459
arman_2-contig-6 51272 51685 0.524
arman_2-contig-6 51698 52810 0.534
arman_2-contig-6 52813 54747 0.539
arman_2-contig-6 54798 55565 0.486
arman_2-contig-6 55624 56367 0.491
arman_2-contig-6 56372 58165 0.464
arman_2-contig-6 58266 61730 0.503
arman_2-contig-6 61824 62456 0.447
arman_2-contig-6 62575 63297 0.503
arman_2-contig-6 63464 64237 0.503
arman_2-contig-6 64398 64919 0.473
arman_2-contig-6 65000 65596 0.454
arman_2-contig-6 65621 67087 0.522
arman_2-contig-6 67245 67466 0.473
arman_2-contig-6 67548 67973 0.542
arman_2-contig-6 68084 68482 0.454
arman_2-contig-6 68508 69101 0.485
arman_2-contig-6 69111 69560 0.513
arman_2-contig-6 69592 70866 0.515
arman_2-contig-6 70933 72072 0.526
arman_2-contig-6 72145 73263 0.507
arman_2-contig-6 73277 74125 0.515
arman_2-contig-6 74155 74517 0.499
arman_2-contig-6 74630 75577 0.514
arman_2-contig-6 76140 77567 0.488
arman_2-contig-6 77573 78706 0.474
arman_2-contig-6 78707 79813 0.466
arman_2-contig-6 79839 80090 0.369
arman_2-contig-6 80104 80736 0.412
arman_2-contig-6 80733 81530 0.420
arman_2-contig-6 81768 82118 0.370
arman_2-contig-6 82495 83187 0.264
arman_2-contig-6 83654 83926 0.403
arman_2-contig-6 84243 85148 0.427
arman_2-contig-6 85594 85974 0.325
arman_2-contig-6 86002 86163 0.426
arman_2-contig-6 86249 86560 0.452
arman_2-contig-6 86458 86877 0.369
arman_2-contig-6 86874 87098 0.387
arman_2-contig-6 87217 87909 0.430
arman_2-contig-6 87866 88462 0.459
arman_2-contig-7 2 706 0.279
arman_2-contig-7 716 1411 0.300
arman_2-contig-7 1532 2212 0.488
arman_2-contig-7 2397 3236 0.488
arman_2-contig-7 3408 3920 0.437
arman_2-contig-7 4004 4879 0.475
arman_2-contig-7 4924 5115 0.474
arman_2-contig-7 5213 5932 0.501
arman_2-contig-7 5989 7017 0.484
arman_2-contig-7 7052 7423 0.462
arman_2-contig-7 7449 8270 0.500
arman_2-contig-7 8297 8830 0.474
arman_2-contig-7 8827 9870 0.446
arman_2-contig-7 9881 10537 0.461
arman_2-contig-7 10830 11312 0.453
arman_2-contig-7 11385 12053 0.474
arman_2-contig-7 12355 14070 0.482
arman_2-contig-7 14076 15287 0.476
arman_2-contig-7 15351 15914 0.555
arman_2-contig-7 15985 16758 0.456
arman_2-contig-7 16868 17719 0.419
arman_2-contig-7 17775 18662 0.409
arman_2-contig-7 18860 19738 0.463
arman_2-contig-7 20099 20494 0.477
arman_2-contig-7 20606 21145 0.493
arman_2-contig-7 21202 22005 0.471
arman_2-contig-7 22007 22822 0.490
arman_2-contig-7 22806 23810 0.492
arman_2-contig-7 24144 25049 0.485
arman_2-contig-7 25063 25749 0.485
arman_2-contig-7 25742 26782 0.509
arman_2-contig-7 26776 27672 0.512
arman_2-contig-7 27669 28328 0.473
arman_2-contig-7 28438 28998 0.467
arman_2-contig-7 29126 30283 0.518
arman_2-contig-7 30516 31520 0.510
arman_2-contig-7 32126 33106 0.467
arman_2-contig-7 33237 33863 0.466
arman_2-contig-7 33990 34355 0.443
arman_2-contig-7 34352 35347 0.511
arman_2-contig-7 35352 36485 0.505
arman_2-contig-7 36515 38257 0.535
arman_2-contig-7 38286 38696 0.482
arman_2-contig-7 38787 39416 0.497
arman_2-contig-7 39688 40098 0.467
arman_2-contig-7 40118 40450 0.505
arman_2-contig-7 40538 42670 0.456
arman_2-contig-7 42610 45717 0.444
arman_2-contig-7 46733 47368 0.509
arman_2-contig-7 47486 49324 0.530
arman_2-contig-7 49452 49886 0.506
arman_2-contig-7 49930 50274 0.493
arman_2-contig-7 50425 51468 0.491
arman_2-contig-7 51480 52541 0.467
arman_2-contig-7 52583 53392 0.506
arman_2-contig-7 53772 54443 0.506
arman_2-contig-7 54578 54901 0.503
arman_2-contig-7 54916 55665 0.443
arman_2-contig-7 55670 56836 0.503
arman_2-contig-7 56884 57621 0.486
arman_2-contig-7 57722 60244 0.451
arman_2-contig-7 60531 61901 0.476
arman_2-contig-7 62022 63566 0.481
arman_2-contig-7 63645 65210 0.465
arman_2-contig-7 65214 66524 0.512
arman_2-contig-7 66535 68205 0.513
arman_2-contig-7 68207 68995 0.479
arman_2-contig-7 68997 70535 0.480
arman_2-contig-7 70732 72546 0.485
arman_2-contig-7 72617 73231 0.488
arman_2-contig-7 73240 74331 0.511
arman_2-contig-7 74342 75805 0.501
arman_2-contig-7 75839 76723 0.496
arman_2-contig-7 76807 77997 0.504
arman_2-contig-7 78037 79737 0.523
arman_2-contig-7 79803 80645 0.503
arman_2-contig-7 80635 81357 0.487
arman_2-contig-7 81365 81796 0.477
arman_2-contig-7 81901 82764 0.500
arman_2-contig-7 82761 83231 0.501
arman_2-contig-7 83236 85239 0.516
arman_2-contig-7 85296 85634 0.504
arman_2-contig-7 85656 86336 0.495
arman_2-contig-7 86387 87598 0.488
arman_2-contig-7 87693 88862 0.503
arman_2-contig-7 88916 89638 0.527
arman_2-contig-7 89645 90211 0.501
arman_2-contig-7 90217 91116 0.501
arman_2-contig-7 91325 92227 0.492
arman_2-contig-7 92237 93361 0.489
arman_2-contig-7 93364 94158 0.537
arman_2-contig-7 94180 95199 0.523
arman_2-contig-7 95192 96091 0.496
arman_2-contig-7 96219 96614 0.470
arman_2-contig-7 96629 98203 0.487
arman_2-contig-7 98306 98986 0.496
arman_2-contig-7 99001 99468 0.504
arman_2-contig-7 99491 99943 0.461
arman_2-contig-7 100060 101109 0.506
arman_2-contig-7 101129 102079 0.488
arman_2-contig-7 102284 102541 0.527
arman_2-contig-7 102610 103341 0.514
arman_2-contig-7 103367 103606 0.438
arman_2-contig-7 103666 104025 0.550
arman_2-contig-7 104029 104232 0.456
arman_2-contig-7 104267 105418 0.503
arman_2-contig-7 105440 105991 0.513
arman_2-contig-7 105972 106718 0.493
arman_2-contig-7 106759 107325 0.511
arman_2-contig-7 107382 107945 0.514
arman_2-contig-7 108008 109207 0.492
arman_2-contig-7 109232 110362 0.496
arman_2-contig-7 110839 111708 0.449
arman_2-contig-7 112027 112224 0.394
arman_2-contig-7 112221 112829 0.342
arman_2-contig-7 113044 113304 0.402
arman_2-contig-7 113297 113506 0.490
arman_2-contig-7 113742 114389 0.492
arman_2-contig-7 114468 115004 0.475
arman_2-contig-7 115082 115372 0.440
arman_2-contig-7 115523 116101 0.518
arman_2-contig-7 116291 117433 0.532
arman_2-contig-7 117439 117873 0.476
arman_2-contig-7 118014 118259 0.459
arman_2-contig-7 118449 119081 0.499
arman_2-contig-7 119215 121140 0.507
arman_2-contig-7 121148 122269 0.550
arman_2-contig-7 122343 124190 0.531
arman_2-contig-7 124244 124846 0.493
arman_2-contig-7 124867 125289 0.475
arman_2-contig-7 125384 125851 0.500
arman_2-contig-7 125942 126469 0.487
arman_2-contig-7 126619 127614 0.470
arman_2-contig-7 127621 128007 0.478
arman_2-contig-7 128028 128717 0.443
arman_2-contig-7 128731 129954 0.420
arman_2-contig-7 129977 130624 0.451
arman_2-contig-7 130621 131187 0.487
arman_2-contig-7 131194 131814 0.448
arman_2-contig-7 131939 132166 0.465
arman_2-contig-7 132204 133247 0.481
arman_2-contig-7 133261 135744 0.524
arman_2-contig-7 135806 137587 0.521
arman_2-contig-7 137660 139120 0.518
arman_2-contig-7 139143 139406 0.409
arman_2-contig-7 139485 139934 0.460
arman_2-contig-7 140218 140613 0.505
arman_2-contig-7 140896 141633 0.480
arman_2-contig-7 141637 142032 0.417
arman_2-contig-7 142040 142306 0.483
arman_2-contig-7 142944 144314 0.321
arman_2-contig-7 144357 144872 0.347
arman_2-contig-7 145379 145720 0.468
arman_2-contig-7 145724 147091 0.493
arman_2-contig-7 147102 149501 0.511
arman_2-contig-7 149505 150566 0.505
arman_2-contig-7 150689 152134 0.525
arman_2-contig-7 152186 152596 0.504
arman_2-contig-7 152612 153163 0.514
arman_2-contig-7 153274 153984 0.527
arman_2-contig-7 154055 154444 0.503
arman_2-contig-7 154466 155362 0.480
arman_2-contig-7 156070 156810 0.525
arman_2-contig-7 156861 158156 0.520
arman_2-contig-7 158260 159459 0.508
arman_2-contig-7 159465 160064 0.523
arman_2-contig-7 160077 162245 0.513
arman_2-contig-7 162408 165404 0.522
arman_2-contig-7 165799 166719 0.469
arman_2-contig-7 166969 169308 0.509
arman_2-contig-7 169389 170639 0.528
arman_2-contig-7 170688 172274 0.510
arman_2-contig-7 172281 173039 0.539
arman_2-contig-7 173040 173519 0.523
arman_2-contig-7 173626 174231 0.535
arman_2-contig-7 174247 175005 0.510
arman_2-contig-7 175021 175521 0.545
arman_2-contig-7 175532 178204 0.542
arman_2-contig-7 178213 179085 0.513
arman_2-contig-7 179256 179765 0.500
arman_2-contig-7 179775 180941 0.529
arman_2-contig-7 180953 182269 0.499
arman_2-contig-7 182512 183117 0.436
arman_2-contig-7 183123 183914 0.429
arman_2-contig-7 184035 184301 0.491
arman_2-contig-7 184406 185239 0.514
arman_2-contig-7 185312 185758 0.517
arman_2-contig-7 185946 186266 0.526
arman_2-contig-7 186276 186659 0.513
arman_2-contig-7 186668 187978 0.486
arman_2-contig-7 187956 188336 0.512
arman_2-contig-7 188329 188532 0.559
arman_2-contig-7 188529 188918 0.523
arman_2-contig-7 188918 189160 0.527
arman_2-contig-7 189164 189946 0.531
arman_2-contig-7 189936 190697 0.514
arman_2-contig-7 190654 192129 0.517
arman_2-contig-7 192352 192678 0.495
arman_2-contig-7 192682 194454 0.528
arman_2-contig-7 194469 197543 0.500
arman_2-contig-7 197990 198130 0.319
arman_2-contig-7 198218 198904 0.288
arman_2-contig-7 198994 199263 0.459
arman_2-contig-7 199724 200410 0.463
arman_2-contig-7 200427 201062 0.458
arman_2-contig-7 201064 203181 0.444
arman_2-contig-7 203205 204638 0.410
arman_2-contig-7 204981 205679 0.469
arman_2-contig-7 205693 207018 0.528
arman_2-contig-7 207322 208020 0.482
arman_2-contig-7 208155 208556 0.502
arman_2-contig-7 208712 209827 0.533
arman_2-contig-7 209828 210079 0.492
arman_2-contig-7 210196 210795 0.447
arman_2-contig-7 210806 211408 0.476
arman_2-contig-7 211417 212838 0.490
arman_2-contig-7 212967 213758 0.460
arman_2-contig-7 213858 214082 0.342
arman_2-contig-7 214198 214749 0.486
arman_2-contig-7 214849 214986 0.464
arman_2-contig-7 215061 217124 0.514
arman_2-contig-7 217198 218256 0.499
arman_2-contig-7 218295 218774 0.450
arman_2-contig-7 218825 223006 0.462
arman_2-contig-7 223040 223885 0.479
arman_2-contig-7 223886 225109 0.523
arman_2-contig-7 225123 225866 0.476
arman_2-contig-7 225916 227145 0.518
arman_2-contig-7 227148 227687 0.470
arman_2-contig-7 227695 228915 0.524
arman_2-contig-7 228919 229374 0.461
arman_2-contig-7 229478 230284 0.471
arman_2-contig-7 230625 231725 0.410
arman_2-contig-7 232038 233342 0.510
arman_2-contig-7 233357 235093 0.512
arman_2-contig-7 235117 235941 0.463
arman_2-contig-7 235996 237297 0.456
arman_2-contig-7 237299 238024 0.453
arman_2-contig-7 238174 238479 0.559
arman_2-contig-7 238555 239844 0.522
arman_2-contig-7 239845 241224 0.524
arman_2-contig-7 241323 242087 0.533
arman_2-contig-7 242074 242271 0.500
arman_2-contig-7 242268 242681 0.517
arman_2-contig-7 242691 244430 0.528
arman_2-contig-7 244506 245075 0.460
arman_2-contig-7 245149 245586 0.463
arman_2-contig-7 245701 246225 0.478
arman_2-contig-7 246243 246527 0.428
arman_2-contig-7 246536 246841 0.461
arman_2-contig-7 246866 247795 0.437
arman_2-contig-7 247965 248480 0.349
arman_2-contig-7 248482 248811 0.333
arman_2-contig-7 249107 251086 0.504
arman_2-contig-7 251142 251729 0.469
arman_2-contig-7 251854 252333 0.448
arman_2-contig-7 252399 252941 0.516
arman_2-contig-7 253002 253967 0.530
arman_2-contig-7 253968 254645 0.493
arman_2-contig-7 254747 255205 0.484
arman_2-contig-7 255208 256044 0.526
arman_2-contig-7 256105 257157 0.506
arman_2-contig-7 257163 258095 0.505
arman_2-contig-7 258152 259141 0.485
arman_2-contig-7 259113 259694 0.469
arman_2-contig-7 259771 260067 0.515
arman_2-contig-7 260068 260631 0.491
arman_2-contig-7 260900 261601 0.444
arman_2-contig-7 261819 263546 0.505
arman_2-contig-7 263644 264846 0.497
arman_2-contig-7 264899 266056 0.469
arman_2-contig-7 266104 266505 0.498
arman_2-contig-7 266940 268415 0.361
arman_2-contig-7 268581 268919 0.401
arman_2-contig-7 268916 269215 0.573
arman_2-contig-7 269212 269589 0.352
arman_2-contig-7 269586 269744 0.491
arman_2-contig-7 269886 270392 0.501
arman_2-contig-7 270534 270968 0.561
arman_2-contig-7 270965 271216 0.583
arman_2-contig-7 271213 271590 0.352
arman_2-contig-7 271587 271745 0.491
arman_2-contig-7 271747 272190 0.367
arman_2-contig-7 272356 273588 0.377
arman_2-contig-7 273589 274533 0.368
arman_2-contig-7 274530 275408 0.361
arman_2-contig-7 275569 276594 0.493
arman_2-contig-7 276679 277326 0.454
arman_2-contig-7 277338 278531 0.477
arman_2-contig-7 278532 279269 0.443
arman_2-contig-7 279338 280273 0.456
arman_2-contig-7 280282 280800 0.480
arman_2-contig-7 281014 281868 0.481
arman_2-contig-7 282008 283600 0.399
arman_2-contig-7 283825 285777 0.305
arman_2-contig-7 286000 286476 0.530
arman_2-contig-7 286488 287546 0.521
arman_2-contig-7 287824 288345 0.531
arman_2-contig-7 288365 288493 0.450
arman_2-contig-7 288494 289108 0.489
arman_2-contig-7 289193 289861 0.511
arman_2-contig-7 289873 290697 0.486
arman_2-contig-7 290700 292433 0.493
arman_2-contig-7 292445 293026 0.448
arman_2-contig-7 293178 293951 0.503
arman_2-contig-7 293997 294185 0.423
arman_2-contig-7 294192 294779 0.520
arman_2-contig-7 294800 295201 0.485
arman_2-contig-7 295243 295665 0.530
arman_2-contig-7 295671 296894 0.489
arman_2-contig-7 296983 297369 0.512
arman_2-contig-7 297494 298042 0.459
arman_2-contig-7 298205 299050 0.504
arman_2-contig-7 299144 300637 0.503
arman_2-contig-7 300646 301557 0.502
arman_2-contig-7 301541 302143 0.501
arman_2-contig-7 302145 302447 0.462
arman_2-contig-7 302458 303084 0.520
arman_2-contig-7 303256 303489 0.432
arman_2-contig-7 303490 304434 0.489
arman_2-contig-7 304431 305057 0.522
arman_2-contig-7 305045 306019 0.517
arman_2-contig-7 306077 306610 0.530
arman_2-contig-7 306626 306934 0.456
arman_2-contig-7 306931 307140 0.448
arman_2-contig-7 307244 308581 0.494
arman_2-contig-7 308725 309141 0.463
arman_2-contig-7 309267 309899 0.464
arman_2-contig-7 309909 310742 0.522
arman_2-contig-7 310758 311063 0.539
arman_2-contig-7 311091 311852 0.513
arman_2-contig-7 311976 312596 0.527
arman_2-contig-7 312593 312880 0.427
arman_2-contig-7 313018 313578 0.512
arman_2-contig-7 313601 314812 0.526
arman_2-contig-7 316133 316639 0.471
arman_2-contig-7 317291 317410 0.400
arman_2-contig-7 317852 318358 0.462
arman_2-contig-7 318416 318826 0.443
arman_2-contig-7 318803 319168 0.484
arman_2-contig-7 319250 319786 0.456
arman_2-contig-7 319795 320367 0.478
arman_2-contig-7 320377 321792 0.465
arman_2-contig-7 321866 322375 0.525
arman_2-contig-7 322391 322954 0.500
arman_2-contig-7 322964 323497 0.507
arman_2-contig-7 323784 324527 0.470
arman_2-contig-7 324765 325583 0.477
arman_2-contig-7 325642 326886 0.440
arman_2-contig-7 327092 327796 0.498
arman_2-contig-7 327945 329402 0.505
arman_2-contig-7 329478 330380 0.499
arman_2-contig-7 330398 330775 0.487
arman_2-contig-7 330786 331181 0.490
arman_2-contig-7 331329 331655 0.511
arman_2-contig-7 331656 333314 0.479
arman_2-contig-7 333430 335070 0.495
arman_2-contig-8 3 932 0.497
arman_2-contig-8 945 2789 0.492
arman_2-contig-8 2885 3847 0.466
arman_2-contig-8 3927 5741 0.485
arman_2-contig-8 5918 6166 0.442
arman_2-contig-8 6272 6682 0.438
arman_2-contig-8 6768 9071 0.458
arman_2-contig-8 9088 10305 0.483
arman_2-contig-8 10312 10968 0.482
arman_2-contig-8 11032 12081 0.539
arman_2-contig-8 12216 12746 0.512
arman_2-contig-8 12761 13699 0.490
arman_2-contig-8 13689 14207 0.455
arman_2-contig-8 14281 14844 0.500
arman_2-contig-8 15043 16308 0.506
arman_2-contig-8 16327 17163 0.492
arman_2-contig-8 17164 18693 0.495
arman_2-contig-8 19293 19742 0.489
arman_2-contig-8 19749 20072 0.528
arman_2-contig-8 20170 21399 0.492
arman_2-contig-8 21429 21941 0.491
arman_2-contig-8 21962 22252 0.515
arman_2-contig-8 22253 22534 0.472
arman_2-contig-8 22736 23617 0.472
arman_2-contig-8 23773 24468 0.490
arman_2-contig-8 24480 25166 0.477
arman_2-contig-8 25171 25803 0.491
arman_2-contig-8 25793 26533 0.510
arman_2-contig-8 26534 27310 0.526
arman_2-contig-8 27382 27627 0.504
arman_2-contig-8 27628 27987 0.483
arman_2-contig-8 28006 28137 0.462
arman_2-contig-8 28138 28374 0.426
arman_2-contig-8 28402 28947 0.504
arman_2-contig-8 28969 29172 0.456
arman_2-contig-8 29270 31975 0.482
arman_2-contig-8 32197 32517 0.445
arman_2-contig-8 32600 33871 0.474
arman_2-contig-8 33880 34398 0.468
arman_2-contig-8 34401 35480 0.506
arman_2-contig-8 35477 36556 0.475
arman_2-contig-8 36774 38225 0.516
arman_2-contig-8 38261 39412 0.443
arman_2-contig-8 39493 40041 0.479
arman_2-contig-8 40038 41162 0.482
arman_2-contig-8 41273 42040 0.453
arman_2-contig-8 42143 42574 0.477
arman_2-contig-8 42606 43706 0.462
arman_2-contig-8 44140 45435 0.501
arman_2-contig-8 45523 46662 0.473
arman_2-contig-8 46666 46923 0.461
arman_2-contig-8 47079 48191 0.466
arman_2-contig-8 48192 49505 0.470
arman_2-contig-8 49502 50941 0.492
arman_2-contig-8 50947 51573 0.469
arman_2-contig-8 51613 52440 0.496
arman_2-contig-8 52549 53805 0.479
arman_2-contig-8 53835 54533 0.504
arman_2-contig-8 54629 55918 0.488
arman_2-contig-8 55902 56909 0.432
arman_2-contig-8 56938 57891 0.455
arman_2-contig-8 57900 58136 0.414
arman_2-contig-8 58317 59384 0.498
arman_2-contig-8 59396 59575 0.439
arman_2-contig-8 59600 59863 0.470
arman_2-contig-8 59879 60415 0.520
arman_2-contig-8 60532 62724 0.514
arman_2-contig-8 62737 63450 0.507
arman_2-contig-8 63466 63894 0.494
arman_2-contig-8 63926 64219 0.473
arman_2-contig-8 64329 65354 0.491
arman_2-contig-8 65364 68765 0.473
arman_2-contig-8 68819 69919 0.438
arman_2-contig-8 69996 70754 0.493
arman_2-contig-8 70756 70929 0.431
arman_2-contig-8 70942 72387 0.490
arman_2-contig-8 72533 73570 0.482
arman_2-contig-8 73579 74463 0.479
arman_2-contig-8 74536 75399 0.422
arman_2-contig-8 75409 76122 0.457
arman_2-contig-8 76123 76497 0.456
arman_2-contig-8 76511 77770 0.453
arman_2-contig-8 77788 78519 0.452
arman_2-contig-8 78533 78847 0.371
arman_2-contig-8 78860 80146 0.427
arman_2-contig-8 80159 81571 0.452
arman_2-contig-8 81920 83545 0.446
arman_2-contig-8 83555 83953 0.419
arman_2-contig-8 83968 84270 0.429
arman_2-contig-8 84414 85187 0.443
arman_2-contig-8 85399 85965 0.462
arman_2-contig-8 85978 86838 0.452
arman_2-contig-8 86932 88386 0.442
arman_2-contig-8 88398 89252 0.420
arman_2-contig-8 89386 90315 0.445
arman_2-contig-8 90331 90906 0.422
arman_2-contig-8 90906 91976 0.453
arman_2-contig-8 91976 93319 0.438
arman_2-contig-8 93330 96113 0.454
arman_2-contig-8 96187 97335 0.474
arman_2-contig-8 97332 97886 0.423
arman_2-contig-8 97910 99013 0.470
arman_2-contig-8 99010 99909 0.464
arman_2-contig-8 99890 101221 0.423
arman_2-contig-8 101345 101500 0.474
arman_2-contig-8 101501 102409 0.491
arman_2-contig-8 102396 104279 0.478
arman_2-contig-8 104355 104747 0.422
arman_2-contig-8 104810 105106 0.481
arman_2-contig-8 105169 105783 0.499
arman_2-contig-8 105994 106665 0.396
arman_2-contig-8 106735 106842 0.454
arman_2-contig-8 107339 107854 0.424
arman_2-contig-8 107859 108431 0.452
arman_2-contig-8 108499 109644 0.503
arman_2-contig-8 109656 110690 0.458
arman_2-contig-8 110711 111082 0.505
arman_2-contig-8 111265 112041 0.489
arman_2-contig-8 112167 113837 0.524
arman_2-contig-8 113936 114520 0.444
arman_2-contig-8 114530 115015 0.447
arman_2-contig-8 115076 115402 0.508
arman_2-contig-8 115416 115928 0.470
arman_2-contig-8 115956 116219 0.455
arman_2-contig-8 116220 117440 0.490
arman_2-contig-8 117442 118440 0.470
arman_2-contig-8 118448 118789 0.439
arman_2-contig-8 118831 119994 0.491
arman_2-contig-8 119933 120292 0.456
arman_2-contig-8 120237 120857 0.496
arman_2-contig-8 120850 121206 0.431
arman_2-contig-8 121211 121504 0.493
arman_2-contig-8 121576 122376 0.471
arman_2-contig-8 122363 124357 0.452
arman_2-contig-8 124374 127127 0.444
arman_2-contig-8 127160 127921 0.425
arman_2-contig-8 127926 129089 0.442
arman_2-contig-8 129150 129638 0.450
arman_2-contig-8 129730 130896 0.420
arman_2-contig-8 130865 131302 0.386
arman_2-contig-8 131379 132329 0.449
arman_2-contig-8 132336 133388 0.439
arman_2-contig-8 133429 135450 0.446
arman_2-contig-8 135456 137870 0.466
arman_2-contig-8 137921 138430 0.418
arman_2-contig-8 138440 139390 0.482
arman_2-contig-8 139641 140333 0.460
arman_2-contig-8 140335 140886 0.458
arman_2-contig-8 140989 141864 0.451
arman_2-contig-8 141896 142414 0.395
arman_2-contig-8 142737 143144 0.414
arman_2-contig-8 143232 143642 0.438
arman_2-contig-8 143806 147171 0.471
arman_2-contig-8 147189 147812 0.460
arman_2-contig-8 147813 148634 0.473
arman_2-contig-8 148638 149030 0.448
arman_2-contig-8 149035 149748 0.514
arman_2-contig-8 149758 150024 0.423
arman_2-contig-8 150021 150806 0.478
arman_2-contig-8 150814 151782 0.471
arman_2-contig-8 151891 152142 0.393
arman_2-contig-8 152151 152660 0.475
arman_2-contig-8 152913 153698 0.399
arman_2-contig-8 153944 154438 0.349
arman_2-contig-8 154423 154731 0.421
arman_2-contig-8 154762 155559 0.412
arman_2-contig-8 155564 156355 0.463
arman_2-contig-8 156497 156829 0.432
arman_2-contig-8 156932 157276 0.467
arman_2-contig-8 157283 158548 0.492
arman_2-contig-8 158598 159557 0.478
arman_2-contig-8 159554 160246 0.499
arman_2-contig-8 160282 160605 0.463
arman_2-contig-8 160610 161131 0.504
arman_2-contig-8 161193 161609 0.504
arman_2-contig-8 161606 162475 0.464
arman_2-contig-8 162487 163230 0.473
arman_2-contig-8 163477 163752 0.475
arman_2-contig-8 163892 164554 0.510
arman_2-contig-8 164557 165426 0.459
arman_2-contig-8 165472 166089 0.453
arman_2-contig-8 166108 166977 0.441
arman_2-contig-8 167078 168544 0.487
arman_2-contig-8 168597 169250 0.479
arman_2-contig-8 169247 169453 0.449
arman_2-contig-8 169450 169785 0.452
arman_2-contig-8 169790 169972 0.454
arman_2-contig-8 169947 171182 0.488
arman_2-contig-8 171164 172003 0.500
arman_2-contig-8 172035 172841 0.449
arman_2-contig-8 172883 173083 0.502
arman_2-contig-8 173240 174277 0.466
arman_2-contig-8 174296 174730 0.389
arman_2-contig-8 174731 175648 0.454
arman_2-contig-8 175693 176598 0.472
arman_2-contig-8 176654 177265 0.440
arman_2-contig-8 177262 178494 0.485
arman_2-contig-8 178523 180076 0.461
arman_2-contig-8 180244 181602 0.505
arman_2-contig-8 181595 182644 0.493
arman_2-contig-8 182648 183667 0.485
arman_2-contig-8 183811 184386 0.462
arman_2-contig-8 184383 184934 0.457
arman_2-contig-8 185012 185257 0.463
arman_2-contig-8 185585 186607 0.452
arman_2-contig-8 186657 187751 0.467
arman_2-contig-8 187839 188579 0.480
arman_2-contig-8 188657 189313 0.470
arman_2-contig-8 189588 190715 0.483
arman_2-contig-8 190732 191154 0.461
arman_2-contig-8 191549 192475 0.482
arman_2-contig-8 192518 192841 0.463
arman_2-contig-8 192831 193838 0.451
arman_2-contig-8 194034 195302 0.335
arman_2-contig-8 195581 196822 0.394
arman_2-contig-8 196838 198406 0.384
arman_2-contig-8 198685 199026 0.360
arman_2-contig-8 199266 200303 0.369
arman_2-contig-8 200568 201311 0.457
arman_2-contig-8 201319 201648 0.458
arman_2-contig-8 201749 203170 0.502
arman_2-contig-8 203262 203870 0.373
arman_2-contig-8 203965 204282 0.462
arman_2-contig-8 204292 204831 0.439
arman_2-contig-8 204883 205209 0.410
arman_2-contig-8 205271 206614 0.487
arman_2-contig-8 206665 207060 0.465
arman_2-contig-8 207139 208851 0.484
arman_2-contig-8 209006 209224 0.338
arman_2-contig-8 209343 209882 0.433
arman_2-contig-8 210085 210627 0.383
arman_2-contig-8 210960 212546 0.476
arman_2-contig-8 212558 213133 0.451
arman_2-contig-8 213419 214189 0.415
arman_2-contig-8 214638 216452 0.493
arman_2-contig-8 216477 217739 0.528
arman_2-contig-8 217736 218524 0.511
arman_2-contig-8 218529 219434 0.507
arman_2-contig-8 219581 220219 0.440
arman_2-contig-8 220286 220648 0.452
arman_2-contig-8 220720 221460 0.449
arman_2-contig-8 221457 222908 0.487
arman_2-contig-8 223022 223360 0.487
arman_2-contig-8 223357 225027 0.449
arman_2-contig-8 225027 225761 0.467
arman_2-contig-8 225771 226775 0.500
arman_2-contig-8 226861 227151 0.460
arman_2-contig-8 227154 227519 0.495
arman_2-contig-8 227663 228079 0.468
arman_2-contig-8 228098 229804 0.451
arman_2-contig-8 229810 230073 0.477
arman_2-contig-8 230167 231204 0.477
arman_2-contig-8 231209 231574 0.492
arman_2-contig-8 231586 232062 0.463
arman_2-contig-8 232059 232361 0.472
arman_2-contig-8 232366 234159 0.514
arman_2-contig-8 234160 235560 0.500
arman_2-contig-8 235592 236995 0.487
arman_2-contig-8 236975 238423 0.469
arman_2-contig-8 238599 239027 0.487
arman_2-contig-8 239040 239345 0.451
arman_2-contig-8 239355 239513 0.440
arman_2-contig-8 239518 239910 0.486
arman_2-contig-8 239956 240627 0.463
arman_2-contig-8 240641 240811 0.427
arman_2-contig-8 240851 241279 0.438
arman_2-contig-8 241351 242463 0.446
arman_2-contig-8 242541 243857 0.478
arman_2-contig-8 243852 244196 0.490
arman_2-contig-8 244336 244587 0.413
arman_2-contig-8 244678 245325 0.483
arman_2-contig-8 245499 246377 0.449
arman_2-contig-8 246415 247038 0.481
arman_2-contig-8 247185 247394 0.433
arman_2-contig-8 247412 247927 0.488
arman_2-contig-8 247930 248409 0.465
arman_2-contig-8 248420 248776 0.437
arman_2-contig-8 248912 249487 0.455
arman_2-contig-8 249658 250248 0.475
arman_2-contig-8 250245 250790 0.451
arman_2-contig-8 250848 252470 0.489
arman_2-contig-8 252460 254043 0.470
arman_2-contig-8 254153 254821 0.489
arman_2-contig-8 255032 255436 0.440
arman_2-contig-8 255436 255831 0.457
arman_2-contig-8 255854 257026 0.440
arman_2-contig-8 257194 257802 0.437
arman_2-contig-8 257869 259128 0.475
arman_2-contig-8 259235 259642 0.422
arman_2-contig-8 259767 260312 0.407
arman_2-contig-8 260316 261512 0.421
arman_2-contig-8 261524 261877 0.460
arman_2-contig-8 261888 262199 0.394
arman_2-contig-8 262204 263772 0.433
arman_2-contig-8 263885 264070 0.462
arman_2-contig-8 264144 264893 0.408
arman_2-contig-8 264903 265634 0.396
arman_2-contig-8 265719 266948 0.493
arman_2-contig-8 266911 267549 0.452
arman_2-contig-8 267578 268189 0.402
arman_2-contig-8 268209 268463 0.451
arman_2-contig-8 270180 270365 0.511
arman_2-contig-8 271905 272063 0.491
arman_2-contig-8 272060 272377 0.440
arman_2-contig-8 272589 273962 0.400
arman_2-contig-8 274420 274923 0.468
arman_2-contig-8 274990 275583 0.470
arman_2-contig-8 275654 276070 0.463
arman_2-contig-8 276071 276820 0.491
arman_2-contig-8 276829 277317 0.493
arman_2-contig-8 277322 278593 0.491
arman_2-contig-8 278615 279271 0.487
arman_2-contig-8 279268 280395 0.506
arman_2-contig-8 280476 281141 0.502
arman_2-contig-8 281102 281830 0.501
arman_2-contig-8 281840 283075 0.456
arman_2-contig-8 283240 283662 0.494
arman_2-contig-8 283755 284117 0.410
arman_2-contig-8 284255 287011 0.470
arman_2-contig-8 287310 287774 0.512
arman_2-contig-8 287950 288477 0.458
arman_2-contig-8 288597 288767 0.368
arman_2-contig-8 288774 289343 0.418
arman_2-contig-8 289407 290084 0.422
arman_2-contig-8 290137 291054 0.463
arman_2-contig-8 291074 291436 0.457
arman_2-contig-8 291482 292078 0.459
arman_2-contig-8 292243 293388 0.483
arman_2-contig-8 293476 294690 0.491
arman_2-contig-8 294734 295051 0.425
arman_2-contig-8 295126 295419 0.483
arman_2-contig-8 295421 295819 0.504
arman_2-contig-8 295819 296190 0.473
arman_2-contig-8 296190 296882 0.504
arman_2-contig-8 296885 297427 0.497
arman_2-contig-8 297480 297968 0.458
arman_2-contig-8 297978 298502 0.478
arman_2-contig-8 298510 298887 0.474
arman_2-contig-8 298888 299361 0.489
arman_2-contig-8 299370 299918 0.494
arman_2-contig-8 299926 300594 0.523
arman_2-contig-8 300682 301041 0.531
arman_2-contig-8 301145 303841 0.483
arman_2-contig-8 303838 304587 0.451
arman_2-contig-8 304597 306072 0.485
arman_2-contig-8 306155 306610 0.511
arman_2-contig-8 306620 307669 0.520
arman_2-contig-8 307672 309570 0.484
arman_2-contig-8 309572 311116 0.480
arman_2-contig-8 311165 312052 0.470
arman_2-contig-8 312056 312211 0.455
arman_2-contig-8 312319 313158 0.483
arman_2-contig-8 313151 313831 0.485
arman_2-contig-8 313841 315589 0.491
arman_2-contig-8 315592 317301 0.489
arman_2-contig-8 317603 317758 0.462
arman_2-contig-8 317805 317987 0.508
arman_2-contig-8 318044 318775 0.470
arman_2-contig-8 318804 320201 0.448
arman_2-contig-8 320210 321364 0.494
arman_2-contig-8 321375 322847 0.462
dke_a-contig-1 3 710 0.468
dke_a-contig-1 748 1437 0.429
dke_a-contig-1 1454 11467 0.440
dke_a-contig-1 11545 12357 0.440
dke_a-contig-1 12344 14386 0.428
dke_a-contig-1 14617 15636 0.462
dke_a-contig-1 15779 17596 0.501
dke_a-contig-1 17603 17773 0.497
dke_a-contig-1 17773 18021 0.482
dke_a-contig-1 18129 18485 0.476
dke_a-contig-1 18587 20890 0.470
dke_a-contig-1 20914 22143 0.497
dke_a-contig-1 22152 22808 0.486
dke_a-contig-1 22854 23906 0.528
dke_a-contig-1 24061 24600 0.530
dke_a-contig-1 24688 25620 0.476
dke_a-contig-1 25725 26252 0.481
dke_a-contig-1 26526 27791 0.498
dke_a-contig-1 27804 28613 0.465
dke_a-contig-1 28685 28894 0.429
dke_a-contig-1 28891 29199 0.450
dke_a-contig-1 29252 30232 0.511
dke_a-contig-1 30223 30822 0.503
dke_a-contig-1 30881 31813 0.474
dke_a-contig-1 31810 32829 0.524
dke_a-contig-1 32830 33063 0.483
dke_a-contig-1 33174 33725 0.509
dke_a-contig-1 33731 34069 0.478
dke_a-contig-1 34071 34460 0.474
dke_a-contig-1 34532 35098 0.524
dke_a-contig-1 35175 36005 0.480
dke_a-contig-1 36024 36701 0.482
dke_a-contig-1 36708 37172 0.449
dke_a-contig-1 37162 38463 0.493
dke_a-contig-1 38463 40169 0.501
dke_a-contig-1 40456 40842 0.452
dke_a-contig-1 41019 41753 0.446
dke_a-contig-1 41858 43162 0.466
dke_a-contig-1 43168 44361 0.518
dke_a-contig-1 44358 45863 0.489
dke_a-contig-1 45863 46987 0.477
dke_a-contig-1 46990 48099 0.475
dke_a-contig-1 48198 48551 0.466
dke_a-contig-1 48832 49725 0.499
dke_a-contig-1 49798 50631 0.472
dke_a-contig-1 50631 51461 0.484
dke_a-contig-1 51472 52989 0.506
dke_a-contig-1 52982 53287 0.497
dke_a-contig-1 53290 53673 0.487
dke_a-contig-1 53719 54447 0.492
dke_a-contig-1 54451 54585 0.467
dke_a-contig-1 54599 56953 0.484
dke_a-contig-1 56961 58604 0.507
dke_a-contig-1 58624 59127 0.506
dke_a-contig-1 59373 60296 0.466
dke_a-contig-2 2 175 0.425
dke_a-contig-2 180 1022 0.432
dke_a-contig-2 1019 2470 0.455
dke_a-contig-2 2549 3709 0.439
dke_a-contig-2 3711 4790 0.435
dke_a-contig-2 4799 5158 0.469
dke_a-contig-2 5294 6073 0.499
dke_a-contig-2 6115 7167 0.468
dke_a-contig-2 7174 8202 0.436
dke_a-contig-2 8265 8636 0.444
dke_a-contig-2 8645 9787 0.451
dke_a-contig-2 9899 10345 0.409
dke_a-contig-2 10431 11603 0.441
dke_a-contig-2 11606 12367 0.437
dke_a-contig-2 12375 15128 0.448
dke_a-contig-2 15136 17121 0.426
dke_a-contig-2 17108 17857 0.416
dke_a-contig-2 17914 18216 0.442
dke_a-contig-2 18279 18638 0.428
dke_a-contig-2 18622 19254 0.463
dke_a-contig-2 19193 19564 0.425
dke_a-contig-2 19561 20658 0.467
dke_a-contig-2 20725 21081 0.490
dke_a-contig-2 21078 22061 0.478
dke_a-contig-2 22058 23266 0.483
dke_a-contig-2 23267 23545 0.437
dke_a-contig-2 23571 24086 0.479
dke_a-contig-2 24091 24396 0.516
dke_a-contig-2 24465 24989 0.465
dke_a-contig-2 24970 25581 0.440
dke_a-contig-2 25701 27350 0.517
dke_a-contig-2 27629 29554 0.497
dke_a-contig-2 29560 32040 0.522
dke_a-contig-2 32068 33018 0.529
dke_a-contig-2 33251 34090 0.501
dke_a-contig-2 34050 34511 0.470
dke_a-contig-2 34650 35429 0.506
dke_a-contig-2 35437 36243 0.466
dke_a-contig-2 36249 36530 0.482
dke_a-contig-2 36554 37063 0.396
dke_a-contig-2 37330 38247 0.435
dke_a-contig-2 38612 39118 0.479
dke_a-contig-2 39118 39378 0.406
dke_a-contig-2 39465 40421 0.497
dke_a-contig-2 40426 41217 0.514
dke_a-contig-2 41204 41455 0.476
dke_a-contig-2 41459 42172 0.534
dke_a-contig-2 42211 42477 0.446
dke_a-contig-2 42509 42901 0.517
dke_a-contig-2 42929 43552 0.514
dke_a-contig-2 43557 44180 0.466
dke_a-contig-2 44204 47662 0.483
dke_a-contig-2 47857 48735 0.469
dke_a-contig-2 48830 49540 0.444
dke_a-contig-2 49668 50012 0.455
dke_a-contig-2 49990 50325 0.449
dke_a-contig-2 50528 51181 0.511
dke_a-contig-2 51182 52006 0.459
dke_a-contig-2 52019 54580 0.480
dke_a-contig-2 54577 55110 0.485
dke_a-contig-2 55179 55349 0.439
dke_a-contig-2 55436 56452 0.486
dke_a-contig-2 56730 57038 0.469
dke_a-contig-2 57060 57275 0.472
dke_a-contig-2 57409 57735 0.379
dke_a-contig-2 57828 58268 0.474
dke_a-contig-2 58322 58858 0.443
dke_a-contig-2 58884 59915 0.442
dke_a-contig-2 60040 60630 0.453
dke_a-contig-2 60929 62635 0.431
dke_a-contig-2 62637 62846 0.395
dke_a-contig-2 62856 64244 0.464
dke_a-contig-2 64698 65096 0.353
dke_a-contig-2 65135 66250 0.409
dke_a-contig-2 66379 67047 0.435
dke_a-contig-2 67287 67820 0.410
dke_a-contig-2 68209 69990 0.363
dke_a-contig-2 69992 71368 0.302
dke_a-contig-2 71621 72292 0.390
dke_a-contig-2 72355 73317 0.484
dke_a-contig-2 73583 73996 0.442
dke_a-contig-2 74003 75130 0.455
dke_a-contig-2 75332 76363 0.450
dke_a-contig-2 76454 77476 0.459
dke_a-contig-2 77547 78152 0.459
dke_a-contig-2 78149 78625 0.478
dke_a-contig-2 78629 80329 0.454
dke_a-contig-2 80390 82138 0.454
dke_a-contig-2 82135 82839 0.423
dke_a-contig-2 82922 84919 0.431
dke_a-contig-2 85010 85681 0.435
dke_a-contig-2 85694 86482 0.422
dke_a-contig-2 86487 86858 0.462
dke_a-contig-2 87006 87749 0.449
dke_a-contig-3 3 152 0.460
dke_a-contig-3 389 853 0.458
dke_a-contig-3 1006 1821 0.426
dke_a-contig-3 1959 2438 0.473
dke_a-contig-3 2681 2932 0.429
dke_a-contig-3 2982 3530 0.459
dke_a-contig-3 3629 3928 0.493
dke_a-contig-3 3907 5223 0.498
dke_a-contig-3 5275 6465 0.484
dke_a-contig-3 6467 6898 0.488
dke_a-contig-3 6908 7081 0.448
dke_a-contig-3 7096 7770 0.510
dke_a-contig-3 7801 8199 0.504
dke_a-contig-3 8202 8363 0.506
dke_a-contig-3 8386 8694 0.508
dke_a-contig-3 8714 9142 0.501
dke_a-contig-3 9303 10658 0.499
dke_a-contig-3 10624 12054 0.498
dke_a-contig-3 12059 12682 0.471
dke_a-contig-3 12714 13532 0.498
dke_a-contig-3 13711 14967 0.500
dke_a-contig-3 15025 15645 0.470
dke_a-contig-3 15647 16618 0.481
dke_a-contig-3 16786 17850 0.514
dke_a-contig-3 17936 18562 0.507
dke_a-contig-3 18665 19936 0.484
dke_a-contig-3 19941 20561 0.480
dke_a-contig-3 20515 21765 0.463
dke_a-contig-3 22088 23635 0.453
dke_a-contig-3 23640 23951 0.446
dke_a-contig-3 23960 24298 0.490
dke_a-contig-3 24309 25427 0.463
dke_a-contig-3 25515 26234 0.417
dke_a-contig-3 26741 27172 0.486
dke_a-contig-3 27286 28605 0.481
dke_a-contig-3 28780 29514 0.488
dke_a-contig-3 29511 30719 0.459
dke_a-contig-3 30772 31182 0.511
dke_a-contig-3 31182 31601 0.517
dke_a-contig-3 31743 32333 0.496
dke_a-contig-3 32407 32835 0.457
dke_a-contig-3 32839 33594 0.458
dke_a-contig-3 33603 34088 0.479
dke_a-contig-3 34093 35367 0.476
dke_a-contig-3 35371 35829 0.455
dke_a-contig-3 35831 36481 0.435
dke_a-contig-3 36530 37648 0.489
dke_a-contig-3 37737 38393 0.487
dke_a-contig-3 38390 39055 0.474
dke_a-contig-3 39060 40847 0.485
dke_a-contig-3 40894 42141 0.412
dke_a-contig-3 42237 43469 0.452
dke_a-contig-3 43597 43974 0.450
dke_a-contig-3 44214 44753 0.457
dke_a-contig-3 44754 45185 0.456
dke_a-contig-3 45303 45986 0.443
dke_a-contig-3 45997 46833 0.495
dke_a-contig-3 46850 47425 0.462
dke_a-contig-3 47403 48605 0.481
dke_a-contig-3 48733 49737 0.480
dke_a-contig-3 49754 51979 0.502
dke_a-contig-3 52043 52357 0.540
dke_a-contig-3 52429 53088 0.505
dke_a-contig-3 53136 53954 0.507
dke_a-contig-3 53956 55680 0.491
dke_a-contig-3 55705 56322 0.513
dke_a-contig-3 56437 57174 0.488
dke_a-contig-3 57198 57389 0.464
dke_a-contig-3 57399 57980 0.478
dke_a-contig-3 57992 58372 0.428
dke_a-contig-3 58464 59672 0.494
dke_a-contig-3 59774 61090 0.470
dke_a-contig-3 61186 61599 0.483
dke_a-contig-3 61604 61972 0.515
dke_a-contig-3 62170 62544 0.448
dke_a-contig-3 62556 63266 0.468
dke_a-contig-3 63284 64027 0.473
dke_a-contig-3 64027 64200 0.500
dke_a-contig-3 64212 64532 0.495
dke_a-contig-3 64538 64948 0.479
dke_a-contig-3 65070 66101 0.513
dke_a-contig-3 66113 67171 0.503
dke_a-contig-3 67369 68034 0.468
dke_a-contig-3 68088 68990 0.511
dke_a-contig-3 68996 69460 0.497
dke_a-contig-3 69465 69860 0.538
dke_a-contig-3 69927 70601 0.476
dke_a-contig-3 70637 72298 0.498
dke_a-contig-3 72912 74399 0.497
dke_a-contig-4 1 417 0.458
dke_a-contig-4 492 1385 0.485
dke_a-contig-4 1443 2078 0.487
dke_a-contig-4 2242 2442 0.542
dke_a-contig-4 2487 3020 0.507
dke_a-contig-4 3017 3475 0.505
dke_a-contig-4 3487 3849 0.490
dke_a-contig-4 3971 4546 0.458
dke_a-contig-4 4769 5428 0.477
dke_a-contig-4 5403 6050 0.427
dke_a-contig-4 6171 7799 0.475
dke_a-contig-4 7796 9382 0.480
dke_a-contig-4 9387 10085 0.461
dke_a-contig-4 10180 12582 0.464
dke_a-contig-4 12587 13234 0.469
dke_a-contig-4 13223 13648 0.434
dke_a-contig-4 13867 15126 0.430
dke_a-contig-4 16721 16906 0.484
dke_a-contig-4 18570 19115 0.344
dke_a-contig-4 19300 19737 0.432
dke_a-contig-4 19820 19963 0.431
dke_a-contig-4 20034 20414 0.491
dke_a-contig-4 20433 22493 0.508
dke_a-contig-4 22579 23424 0.410
dke_a-contig-4 23530 23784 0.522
dke_a-contig-4 23869 24030 0.451
dke_a-contig-4 24035 24334 0.513
dke_a-contig-4 24360 24887 0.498
dke_a-contig-4 24956 25291 0.467
dke_a-contig-4 25397 27589 0.511
dke_a-contig-4 27603 28319 0.485
dke_a-contig-4 28316 28744 0.503
dke_a-contig-4 28759 29061 0.482
dke_a-contig-4 29366 30817 0.486
dke_a-contig-4 30780 31007 0.474
dke_a-contig-4 30997 31788 0.486
dke_a-contig-4 31898 32986 0.486
dke_a-contig-4 33012 36410 0.482
dke_a-contig-4 36415 37434 0.466
dke_a-contig-4 37570 38358 0.449
dke_a-contig-4 38573 38923 0.464
dke_a-contig-4 38924 39337 0.408
dke_a-contig-4 39341 40981 0.503
dke_a-contig-4 41146 42561 0.460
dke_a-contig-4 42571 43800 0.451
dke_a-contig-4 43778 44110 0.453
dke_a-contig-4 44120 44854 0.416
dke_a-contig-4 44855 46093 0.435
dke_a-contig-4 46105 46509 0.440
dke_a-contig-4 46504 47223 0.421
dke_a-contig-4 47240 48106 0.400
dke_a-contig-4 48111 48728 0.371
dke_a-contig-4 48839 50284 0.463
dke_a-contig-4 50286 51137 0.447
dke_a-contig-4 51192 52937 0.485
dke_a-contig-4 52941 53519 0.463
dke_a-contig-4 53580 54377 0.432
dke_a-contig-4 54367 55419 0.456
dke_a-contig-4 55428 56795 0.460
dke_a-contig-4 56805 59603 0.478
dke_a-contig-4 59743 60903 0.464
dke_a-contig-4 61013 61780 0.460
dke_a-contig-4 62028 62540 0.376
dke_a-contig-4 62587 63171 0.414
dke_a-contig-4 63176 64018 0.432
dke_a-contig-4 64015 65466 0.455
dke_a-contig-4 65545 66369 0.438
dke_a-contig-5 1 1710 0.463
dke_a-contig-5 1721 2602 0.430
dke_a-contig-5 2836 4725 0.497
dke_a-contig-5 4811 5482 0.451
dke_a-contig-5 5563 6483 0.508
dke_a-contig-5 6691 6939 0.498
dke_a-contig-5 6985 8451 0.519
dke_a-contig-5 8467 10290 0.523
dke_a-contig-5 10300 12837 0.515
dke_a-contig-5 12847 13920 0.487
dke_a-contig-5 13942 15060 0.471
dke_a-contig-5 15102 15326 0.502
dke_a-contig-5 15567 15902 0.488
dke_a-contig-5 15938 16525 0.491
dke_a-contig-5 16617 16901 0.488
dke_a-contig-5 17008 17340 0.517
dke_a-contig-5 17350 17739 0.490
dke_a-contig-5 17744 18226 0.443
dke_a-contig-5 18210 18644 0.416
dke_a-contig-5 18682 18975 0.507
dke_a-contig-5 18968 19342 0.501
dke_a-contig-5 19397 19873 0.430
dke_a-contig-5 20008 20619 0.373
dke_a-contig-5 20750 21346 0.400
dke_a-contig-5 21628 22104 0.371
dke_a-contig-5 22200 22514 0.432
dke_a-contig-5 22511 23164 0.362
dke_a-contig-5 23247 23483 0.489
dke_a-contig-5 23480 24133 0.362
dke_a-contig-5 24216 24473 0.523
dke_a-contig-5 24716 25402 0.345
dke_a-contig-5 25658 26074 0.353
dke_a-contig-5 26142 26249 0.537
dke_a-contig-5 26351 26797 0.340
dke_a-contig-5 26959 27117 0.403
dke_a-contig-5 27274 29310 0.304
dke_a-contig-5 29552 29887 0.357
dke_a-contig-5 29880 31892 0.348
dke_a-contig-5 31892 33724 0.356
dke_a-contig-5 34162 35724 0.464
dke_a-contig-5 35808 36182 0.469
dke_a-contig-5 36278 36568 0.519
dke_a-contig-5 36600 37064 0.280
dke_a-contig-5 37271 37675 0.464
dke_a-contig-5 38204 38356 0.523
dke_a-contig-5 38379 38597 0.484
dke_a-contig-5 38610 39077 0.502
dke_a-contig-5 39153 40895 0.511
dke_a-contig-5 40970 42475 0.499
dke_a-contig-5 42666 43280 0.507
dke_a-contig-5 43341 43904 0.387
dke_a-contig-5 43861 44880 0.409
dke_a-contig-5 45231 45533 0.488
dke_a-contig-5 45699 46562 0.461
dke_a-contig-5 46616 47182 0.446
dke_a-contig-5 47185 50346 0.503
dke_a-contig-5 50390 50602 0.451
dke_a-contig-5 51136 52014 0.394
dke_a-contig-5 52036 52701 0.389
dke_a-contig-5 52724 53788 0.334
dke_a-contig-5 53801 54220 0.369
dke_a-contig-5 54217 54468 0.433
dke_a-contig-5 54465 54803 0.460
dke_a-contig-5 54824 55054 0.420
dke_a-contig-5 55251 56666 0.398
dke_a-contig-5 57425 58711 0.508
dke_a-contig-5 58729 60063 0.483
dke_a-contig-5 60060 61958 0.472
dke_a-contig-5 61947 63035 0.476
dke_a-contig-5 63131 64381 0.487
dke_a-contig-5 64421 64783 0.419
dke_a-contig-5 64884 65351 0.447
dke_a-contig-5 65545 66279 0.480
dke_a-contig-5 66312 67004 0.481
dke_a-contig-5 67083 67868 0.481
dke_a-contig-5 67950 68690 0.482
dke_a-contig-5 68690 69727 0.485
dke_a-contig-5 69847 71235 0.504
dke_a-contig-5 71232 72458 0.500
dke_a-contig-5 72607 73314 0.494
dke_a-contig-5 73377 75272 0.466
dke_a-contig-5 75335 76261 0.471
dke_a-contig-5 76344 76691 0.477
dke_a-contig-5 76776 77492 0.470
dke_a-contig-5 77506 78492 0.484
dke_a-contig-5 78613 78777 0.388
dke_a-contig-5 78802 80781 0.465
dke_a-contig-5 81299 81583 0.337
dke_a-contig-5 81580 82410 0.337
dke_a-contig-5 82413 82622 0.352
dke_a-contig-5 82639 83667 0.345
dke_a-contig-5 83654 83743 0.333
dke_a-contig-5 84274 85080 0.354
dke_a-contig-5 85101 85904 0.328
dke_a-contig-5 86060 86440 0.304
dke_a-contig-5 86508 87488 0.367
dke_a-contig-5 87667 88728 0.490
dke_a-contig-5 88834 89142 0.515
dke_a-contig-5 89156 90433 0.511
dke_a-contig-5 90705 90800 0.510
dke_a-contig-5 90841 90942 0.284
dke_a-contig-5 91033 93189 0.520
dke_a-contig-5 93216 93704 0.526
dke_a-contig-5 93733 94953 0.509
dke_a-contig-5 94958 95407 0.453
dke_a-contig-5 95466 96014 0.441
dke_a-contig-5 96117 96437 0.480
dke_a-contig-5 96584 98305 0.511
dke_a-contig-5 98495 99700 0.467
dke_a-contig-5 99749 100468 0.454
dke_a-contig-5 100624 101133 0.469
dke_a-contig-5 101258 101809 0.442
dke_a-contig-5 101909 102520 0.428
dke_a-contig-5 102589 103569 0.457
dke_a-contig-5 103580 103954 0.445
dke_a-contig-5 103956 105245 0.488
dke_a-contig-5 105383 105703 0.452
dke_a-contig-5 105764 106660 0.474
dke_a-contig-5 106720 108363 0.498
dke_a-contig-5 108375 109529 0.485
dke_a-contig-5 109532 110524 0.461
dke_a-contig-5 110533 110889 0.451
dke_a-contig-5 111049 112467 0.496
dke_a-contig-5 112708 113166 0.481
dke_a-contig-5 113166 114464 0.451
dke_a-contig-5 114466 116058 0.501
dke_a-contig-5 116479 117879 0.407
dke_a-contig-5 118072 118404 0.453
dke_a-contig-5 119041 120726 0.460
dke_a-contig-5 120773 121270 0.462
dke_a-contig-5 121318 121929 0.456
dke_a-contig-5 122085 123518 0.487
dke_a-contig-5 123521 124972 0.450
dke_a-contig-5 125027 125947 0.482
dke_a-contig-5 126282 127784 0.464
dke_a-contig-5 127906 128523 0.447
dke_a-contig-5 128623 129117 0.475
dke_a-contig-5 129111 129590 0.485
dke_a-contig-5 129590 130339 0.465
dke_a-contig-5 130454 131482 0.500
dke_a-contig-5 131490 132545 0.488
dke_a-contig-5 132626 133078 0.492
dke_a-contig-5 133083 133550 0.491
dke_a-contig-5 133619 134263 0.498
dke_a-contig-5 134335 136287 0.452
dke_a-contig-5 136406 136801 0.452
dke_a-contig-5 136953 137843 0.477
dke_a-contig-5 137843 138862 0.475
dke_a-contig-5 138889 139692 0.516
dke_a-contig-5 139708 140826 0.454
dke_a-contig-5 140860 141753 0.474
dke_a-contig-5 141891 142787 0.405
dke_a-contig-5 142797 143573 0.391
dke_a-contig-5 143573 144523 0.430
dke_a-contig-5 144526 145854 0.467
dke_a-contig-5 145994 146860 0.463
dke_a-contig-5 146899 147660 0.470
dke_a-contig-5 147657 149033 0.489
dke_a-contig-5 149041 150276 0.498
dke_a-contig-5 150287 151258 0.494
dke_a-contig-5 151267 152337 0.494
dke_a-contig-5 152452 153759 0.502
dke_a-contig-5 153770 154045 0.467
dke_a-contig-5 154048 154188 0.468
dke_a-contig-5 154185 154325 0.440
dke_a-contig-5 154322 154621 0.470
dke_a-contig-5 155019 156380 0.439
dke_a-contig-5 156431 156607 0.367
dke_a-contig-6 116 445 0.470
dke_a-contig-6 620 1030 0.457
dke_a-contig-6 1365 1679 0.394
dke_a-contig-6 1761 2552 0.380
dke_a-contig-6 2569 3195 0.378
dke_a-contig-6 3236 3844 0.432
dke_a-contig-6 3968 5842 0.513
dke_a-contig-6 5829 6737 0.507
dke_a-contig-6 6737 7498 0.492
dke_a-contig-6 7500 7940 0.476
dke_a-contig-6 7984 8193 0.438
dke_a-contig-6 8351 9163 0.496
dke_a-contig-6 9214 10815 0.498
dke_a-contig-6 10832 11497 0.497
dke_a-contig-6 11782 12519 0.415
dke_a-contig-6 12553 14304 0.455
dke_a-contig-6 14421 14903 0.435
dke_a-contig-6 15029 15847 0.481
dke_a-contig-6 15857 16393 0.428
dke_a-contig-6 16499 17503 0.443
dke_a-contig-6 17563 19272 0.505
dke_a-contig-6 19277 20503 0.460
dke_a-contig-6 20573 21475 0.441
dke_a-contig-6 21506 22942 0.468
dke_a-contig-6 22960 23688 0.432
dke_a-contig-6 23776 24909 0.509
dke_a-contig-6 25004 26869 0.520
dke_a-contig-6 26910 27479 0.481
dke_a-contig-6 27469 27924 0.450
dke_a-contig-6 28027 28494 0.468
dke_a-contig-6 28569 29147 0.459
dke_a-contig-6 29199 31988 0.451
dke_a-contig-6 31994 32563 0.440
dke_a-contig-6 32563 34422 0.463
dke_a-contig-6 34413 37721 0.464
dke_a-contig-6 37895 38905 0.492
dke_a-contig-6 38910 39947 0.504
dke_a-contig-6 39950 40579 0.498
dke_a-contig-6 40579 42213 0.498
dke_a-contig-6 42224 43519 0.479
dke_a-contig-6 43633 44328 0.477
dke_a-contig-6 44494 44760 0.513
dke_a-contig-6 44817 45230 0.500
dke_a-contig-6 45244 46023 0.455
dke_a-contig-6 46024 46743 0.471
dke_a-contig-6 46828 48189 0.459
dke_a-contig-6 48228 54260 0.473
dke_a-contig-6 54311 55117 0.462
dke_a-contig-6 55287 56324 0.426
dke_a-contig-6 56337 56654 0.443
dke_a-contig-6 56655 57035 0.449
dke_a-contig-6 57035 58360 0.462
dke_a-contig-6 58353 58712 0.428
dke_a-contig-6 58709 58918 0.457
dke_a-contig-6 58915 59292 0.471
dke_a-contig-6 59302 59541 0.446
dke_a-contig-6 59551 60360 0.448
dke_a-contig-6 60347 61093 0.438
dke_a-contig-6 61090 62616 0.487
dke_a-contig-6 62740 63060 0.424
dke_a-contig-6 63073 64851 0.497
dke_a-contig-6 64860 67751 0.455
dke_a-contig-6 68062 69060 0.490
dke_a-contig-6 69228 69605 0.516
dke_a-contig-6 69775 70080 0.507
dke_a-contig-6 70332 71099 0.482
dke_a-contig-6 71083 72594 0.505
dke_a-contig-6 72599 74245 0.451
dke_a-contig-6 74338 74856 0.472
dke_a-contig-6 74919 76859 0.478
dke_a-contig-6 76872 77201 0.470
dke_a-contig-6 77198 77380 0.459
dke_a-contig-6 77380 78012 0.485
dke_a-contig-6 77999 79393 0.514
dke_a-contig-6 79409 81163 0.524
dke_a-contig-6 81204 81533 0.503
dke_a-contig-6 81523 82599 0.513
dke_a-contig-6 82583 83161 0.499
dke_a-contig-6 83180 83407 0.469
dke_a-contig-6 83567 85042 0.525
dke_a-contig-6 85087 86037 0.457
dke_a-contig-6 86162 86425 0.443
dke_a-contig-6 86443 86838 0.497
dke_a-contig-6 86847 87410 0.402
dke_a-contig-6 87439 87978 0.474
dke_a-contig-6 88186 89049 0.450
dke_a-contig-6 89192 89407 0.431
dke_a-contig-6 89420 89611 0.422
dke_a-contig-6 89748 89942 0.267
dke_a-contig-6 89953 90384 0.333
dke_a-contig-6 90451 91011 0.282
dke_a-contig-6 91004 91267 0.352
dke_a-contig-6 92040 93080 0.463
dke_a-contig-6 93142 95547 0.458
dke_a-contig-6 95839 96900 0.465
dke_a-contig-6 96963 97841 0.469
dke_a-contig-6 97903 99405 0.492
dke_a-contig-6 99583 100449 0.490
dke_a-contig-6 100579 101163 0.458
dke_a-contig-6 101205 102212 0.474
dke_a-contig-6 102217 103836 0.463
dke_a-contig-6 103948 104394 0.459
dke_a-contig-6 104624 105757 0.441
dke_a-contig-6 105758 106234 0.524
dke_a-contig-6 106434 108116 0.500
dke_a-contig-6 108120 108770 0.499
dke_a-contig-6 108782 110362 0.483
dke_a-contig-6 110359 111522 0.468
dke_a-contig-6 111717 112001 0.449
dke_a-contig-6 112173 113348 0.460
dke_a-contig-6 113356 113706 0.387
dke_a-contig-6 113711 114496 0.482
dke_a-contig-6 114528 116180 0.441
dke_a-contig-6 116395 117711 0.456
dke_a-contig-6 117716 118888 0.490
dke_a-contig-6 118890 119447 0.468
dke_a-contig-6 119548 119703 0.455
dke_a-contig-6 119745 120602 0.505
dke_a-contig-6 120663 122210 0.484
dke_a-contig-6 122233 124125 0.482
dke_a-contig-6 124310 125353 0.461
dke_a-contig-6 125358 125870 0.462
dke_a-contig-6 125973 126686 0.454
dke_a-contig-6 126885 128072 0.435
dke_a-contig-6 128324 129367 0.445
dke_a-contig-6 129377 129892 0.450
dke_a-contig-6 129897 131114 0.422
dke_a-contig-6 131117 131416 0.447
dke_a-contig-6 131540 132382 0.407
dke_a-contig-6 132383 133606 0.467
dke_a-contig-6 133609 134376 0.457
dke_a-contig-6 134456 135502 0.390
dke_a-contig-6 135505 136725 0.468
dke_a-contig-6 136744 137250 0.446
dke_a-contig-6 137255 138475 0.468
dke_a-contig-6 138494 139000 0.446
dke_a-contig-6 139005 140225 0.473
dke_a-contig-6 140227 140676 0.478
dke_a-contig-6 140901 142490 0.426
dke_a-contig-6 142490 143758 0.429
dke_a-contig-6 143943 144131 0.466
dke_a-contig-6 144132 144362 0.437
dke_a-contig-6 144656 145033 0.452
dke_a-contig-6 145051 145248 0.460
dke_a-contig-6 145298 145876 0.449
dke_a-contig-6 145948 147906 0.475
dke_a-contig-6 147893 148063 0.450
dke_a-contig-6 148109 148825 0.452
dke_a-contig-6 148826 149575 0.475
dke_a-contig-6 149572 151230 0.488
dke_a-contig-6 151437 152834 0.484
dke_a-contig-6 152887 154164 0.473
dke_a-contig-6 154165 154554 0.433
dke_a-contig-6 154624 155205 0.486
dke_a-contig-6 155253 155870 0.468
dke_a-contig-6 155880 156761 0.506
dke_a-contig-6 157013 158197 0.495
dke_a-contig-6 158232 159479 0.417
dke_a-contig-6 159625 162081 0.501
dke_a-contig-6 162158 162625 0.498
dke_a-contig-6 162635 163204 0.495
dke_a-contig-6 163238 163564 0.468
dke_a-contig-6 163569 163934 0.423
dke_a-contig-6 163952 164194 0.440
dke_a-contig-6 164213 166459 0.498
dke_a-contig-6 166449 167051 0.484
dke_a-contig-6 167209 168591 0.461
dke_a-contig-6 168626 168952 0.437
dke_a-contig-6 169032 169982 0.468
dke_a-contig-6 169983 170756 0.481
dke_a-contig-6 170759 172129 0.457
dke_a-contig-6 172264 172530 0.453
dke_a-contig-6 172539 172931 0.422
dke_a-contig-6 173374 174726 0.497
dke_a-contig-6 174818 176014 0.500
dke_a-contig-6 176100 176243 0.458
dke_a-contig-6 176257 176397 0.433
dke_a-contig-6 176394 176696 0.472
dke_a-contig-6 177045 178433 0.504
dke_a-contig-6 178765 179289 0.510
dke_a-contig-6 179368 181494 0.488
dke_a-contig-6 181665 184643 0.487
dke_a-contig-6 184975 200259 0.473
dke_a-contig-6 200273 201019 0.461
dke_a-contig-6 201031 203037 0.451
dke_a-contig-6 203236 205605 0.477
dke_a-contig-6 205598 206221 0.439
dke_a-contig-6 206200 207654 0.491
dke_a-contig-6 207701 208150 0.444
dke_a-contig-6 208687 209163 0.465
dke_a-contig-6 209407 209853 0.479
dke_a-contig-6 210481 211212 0.499
dke_a-contig-6 211450 211881 0.435
dke_a-contig-6 212115 212381 0.483
dke_a-contig-6 212392 213915 0.499
dke_a-contig-6 213920 217363 0.493
dke_a-contig-6 217366 219099 0.484
dke_a-contig-6 219190 219783 0.453
dke_a-contig-6 219795 219929 0.452
dke_a-contig-6 219987 220529 0.468
dke_a-contig-6 220620 221669 0.510
dke_a-contig-6 221682 222143 0.515
dke_a-contig-6 222239 222469 0.472
dke_a-contig-6 222619 224133 0.469
dke_a-contig-6 224134 224880 0.471
dke_a-contig-6 224888 227518 0.481
dke_a-contig-6 227612 227971 0.514
dke_a-contig-6 228054 228635 0.541
dke_a-contig-6 228727 229284 0.498
dke_a-contig-6 229294 229767 0.504
dke_a-contig-6 229764 230159 0.525
dke_a-contig-6 230165 230689 0.505
dke_a-contig-6 230720 231115 0.472
dke_a-contig-6 231108 231266 0.453
dke_a-contig-6 231263 231814 0.487
dke_a-contig-6 231820 232503 0.497
dke_a-contig-6 232481 232915 0.474
dke_a-contig-6 232912 233310 0.494
dke_a-contig-6 233312 233608 0.519
dke_a-contig-6 233738 234070 0.465
dke_a-contig-6 234097 234711 0.459
dke_a-contig-6 234813 235370 0.434
dke_a-contig-6 235367 236227 0.460
dke_a-contig-6 236281 236601 0.427
dke_a-contig-6 236630 237850 0.486
dke_a-contig-6 237917 239068 0.524
dke_a-contig-6 239210 239791 0.476
dke_a-contig-6 239834 240724 0.451
dke_a-contig-6 240730 241032 0.518
dke_a-contig-6 241083 241916 0.510
dke_a-contig-6 241926 242558 0.477
dke_a-contig-6 242779 243591 0.492
dke_a-contig-6 243728 245182 0.493
dke_a-contig-6 245244 245396 0.399
dke_a-contig-6 245751 246305 0.515
dke_a-contig-6 246318 246860 0.497
dke_a-contig-6 246876 247370 0.525
dke_a-contig-6 247416 248069 0.491
dke_a-contig-6 248080 248355 0.475
dke_a-contig-6 248398 248955 0.487
dke_a-contig-6 249209 250192 0.510
dke_a-contig-6 250224 250604 0.425
dke_a-contig-6 252044 252499 0.454
dke_a-contig-6 253083 253589 0.473
dke_a-contig-6 253642 254040 0.456
dke_a-contig-6 254120 255373 0.387
dke_a-contig-6 255507 255872 0.462
dke_a-contig-6 255949 256467 0.407
dke_a-contig-6 256479 257051 0.422
dke_a-contig-6 257069 258481 0.440
dke_a-contig-6 258542 259756 0.468
dke_a-contig-6 259781 262450 0.478
dke_a-contig-6 262460 263353 0.452
dke_a-contig-6 263436 264053 0.472
dke_a-contig-6 264099 265031 0.469
dke_a-contig-6 265093 266115 0.467
dke_a-contig-6 266146 267192 0.415
dke_a-contig-6 267498 267860 0.488
dke_a-contig-6 267889 268236 0.463
dke_a-contig-6 268299 269213 0.469
dke_a-contig-6 269219 269530 0.516
dke_a-contig-6 269761 270276 0.475
dke_a-contig-6 270388 273141 0.455
dke_a-contig-6 273152 273913 0.462
dke_a-contig-6 273923 274771 0.428
dke_a-contig-6 275031 275612 0.509
dke_a-contig-6 276170 276601 0.481
dke_a-contig-6 276609 276929 0.511
dke_a-contig-6 276974 278194 0.479
dke_a-contig-6 278203 278727 0.499
dke_a-contig-6 278740 279072 0.468
dke_a-contig-6 279049 279363 0.483
dke_a-contig-6 279507 280010 0.431
dke_a-contig-6 280170 280865 0.494
dke_a-contig-6 280874 281557 0.478
dke_a-contig-6 281564 282187 0.505
dke_a-contig-6 282258 282983 0.507
dke_a-contig-6 283030 283773 0.520
dke_a-contig-6 283778 284026 0.514
dke_a-contig-6 284032 284412 0.483
dke_a-contig-6 284461 284592 0.462
dke_a-contig-6 284627 284875 0.458
dke_a-contig-6 284885 285430 0.473
dke_a-contig-6 285431 285640 0.519
dke_a-contig-6 285871 286191 0.461
dke_a-contig-6 286267 287538 0.490
dke_a-contig-6 287584 288093 0.494
dke_a-contig-6 288099 289190 0.500
dke_a-contig-6 289235 290422 0.471
dke_a-contig-6 290606 292060 0.481
dke_a-contig-6 292171 293346 0.447
dke_a-contig-6 293348 293875 0.449
dke_a-contig-6 293876 294859 0.465
dke_a-contig-6 294953 295753 0.464
dke_a-contig-6 295838 296296 0.479
dke_a-contig-6 296341 297444 0.466
dke_a-contig-6 297721 299019 0.493
dke_a-contig-6 299101 300261 0.471
dke_a-contig-6 300271 300462 0.490
dke_a-contig-6 300700 301791 0.490
dke_a-contig-6 301784 303178 0.457
dke_a-contig-6 303188 304606 0.459
dke_a-contig-6 304609 306375 0.456
dke_a-contig-6 306377 306676 0.437
dke_a-contig-6 306673 307158 0.436
dke_a-contig-6 307167 307532 0.475
dke_a-contig-6 307529 308575 0.461
dke_a-contig-6 308718 308990 0.498
dke_a-contig-6 308999 310714 0.460
dke_a-contig-6 310731 311198 0.474
dke_a-contig-6 311289 311702 0.490
dke_a-contig-6 311703 311975 0.447
dke_a-contig-6 312032 313630 0.459
dke_a-contig-6 313631 314368 0.473
dke_a-contig-6 314434 315741 0.459
dke_a-contig-6 315745 316536 0.444
dke_a-contig-6 316645 317172 0.449
dke_a-contig-6 317174 317566 0.486
dke_a-contig-6 317631 317810 0.450
dke_a-contig-6 317957 318940 0.532
dke_a-contig-6 318946 319635 0.491
dke_a-contig-6 319660 319977 0.484
dke_a-contig-6 319982 320503 0.513
dke_a-contig-6 320558 320968 0.506
dke_a-contig-6 320971 321849 0.485
dke_a-contig-6 321858 322745 0.468
dke_a-contig-6 322787 323671 0.519
dke_a-contig-6 323673 324584 0.489
dke_a-contig-6 324571 325356 0.491
dke_a-contig-6 325437 326591 0.445
dke_a-contig-6 326628 327278 0.449
dke_a-contig-6 327445 329247 0.430
dke_a-contig-6 329325 329579 0.416
dke_a-contig-6 329592 330395 0.479
dke_a-contig-6 330405 331625 0.492
dke_a-contig-6 331626 332600 0.427
dke_a-contig-6 332627 333271 0.467
dke_a-contig-6 333329 334336 0.438
dke_a-contig-6 334385 335482 0.440
dke_a-contig-6 335469 336533 0.498
dke_a-contig-7 1 960 0.469
dke_a-contig-7 1102 1659 0.450
dke_a-contig-7 1665 2096 0.461
dke_a-contig-7 2223 3086 0.516
dke_a-contig-7 3083 3568 0.508
dke_a-contig-7 3575 5581 0.523
dke_a-contig-7 5593 7284 0.436
dke_a-contig-7 7480 9006 0.452
dke_a-contig-7 8972 9751 0.481
dke_a-contig-7 9839 11521 0.484
dke_a-contig-7 11534 12859 0.506
dke_a-contig-7 12871 13170 0.407
dke_a-contig-7 13264 14010 0.463
dke_a-contig-7 14095 14487 0.458
dke_a-contig-7 14532 14882 0.479
dke_a-contig-7 15122 16030 0.503
dke_a-contig-7 16108 16599 0.467
dke_a-contig-7 16694 17359 0.524
dke_a-contig-7 17589 18017 0.452
dke_a-contig-7 18041 18820 0.469
dke_a-contig-7 18817 19392 0.438
dke_a-contig-7 19839 21080 0.395
dke_a-contig-7 21134 21682 0.450
dke_a-contig-7 21710 22156 0.450
dke_a-contig-7 22130 23314 0.412
dke_a-contig-7 23360 24145 0.429
dke_a-contig-7 24142 24765 0.441
dke_a-contig-7 24949 25824 0.379
dke_a-contig-7 25825 26904 0.363
dke_a-contig-7 26968 29223 0.292
dke_a-contig-7 29267 30043 0.300
dke_a-contig-7 30113 31081 0.304
dke_a-contig-7 31083 31940 0.301
dke_a-contig-7 31937 32389 0.318
dke_a-contig-7 32416 32733 0.292
dke_a-contig-7 32780 33850 0.337
dke_a-contig-7 33868 34857 0.296
dke_a-contig-7 35020 35616 0.307
dke_a-contig-7 35753 36577 0.482
dke_a-contig-7 36659 37486 0.428
dke_a-contig-7 37829 38287 0.486
dke_a-contig-7 38579 39388 0.444
dke_a-contig-7 39490 40254 0.484
dke_a-contig-7 40440 41315 0.453
dke_a-contig-7 41449 41796 0.471
dke_a-contig-7 41828 42280 0.494
dke_a-contig-7 42532 43101 0.460
dke_a-contig-7 43156 43860 0.484
dke_a-contig-7 43972 44652 0.510
dke_a-contig-7 44713 45330 0.468
dke_a-contig-7 45362 46435 0.500
dke_a-contig-7 46440 48197 0.483
dke_a-contig-7 48201 49115 0.449
dke_a-contig-7 49186 50184 0.449
dke_a-contig-7 50455 50841 0.514
dke_a-contig-7 50971 52053 0.471
dke_a-contig-7 52158 53087 0.466
dke_a-contig-7 53121 53852 0.469
dke_a-contig-7 53865 54470 0.480
dke_a-contig-7 54479 55096 0.484
dke_a-contig-7 55136 56242 0.511
dke_a-contig-7 56409 57875 0.485
dke_a-contig-7 57965 59227 0.466
dke_a-contig-7 59371 60051 0.486
dke_a-contig-7 60185 61321 0.508
dke_a-contig-7 61325 61468 0.486
dke_a-contig-7 61588 62157 0.479
dke_a-contig-7 62195 62563 0.415
dke_a-contig-7 62728 63135 0.463
dke_a-contig-7 63172 64161 0.471
dke_a-contig-7 64234 65316 0.493
dke_a-contig-7 65326 65856 0.486
dke_a-contig-7 65853 66224 0.430
dke_a-contig-7 66221 66766 0.436
dke_a-contig-7 66831 67481 0.449
dke_a-contig-7 67486 68379 0.449
dke_a-contig-7 68385 69422 0.469
dke_a-contig-7 69415 70137 0.469
dke_a-contig-7 70115 71050 0.478
dke_a-contig-7 71034 72173 0.491
dke_a-contig-7 72300 72863 0.433
dke_a-contig-7 72875 73366 0.478
dke_a-contig-7 73379 73864 0.469
dke_a-contig-7 73861 74298 0.482
dke_a-contig-7 74466 75308 0.493
dke_a-contig-7 75289 76020 0.460
dke_a-contig-7 76052 76957 0.521
dke_a-contig-7 77064 77705 0.477
dke_a-contig-7 77802 78140 0.460
dke_a-contig-7 78251 79231 0.435
dke_a-contig-7 79443 80426 0.461
dke_a-contig-7 80445 81071 0.421
dke_a-contig-7 81052 82158 0.454
dke_a-contig-7 82231 83919 0.426
dke_a-contig-7 84088 85515 0.478
dke_a-contig-7 85521 86654 0.459
dke_a-contig-7 86656 87762 0.457
dke_a-contig-7 87793 88071 0.362
dke_a-contig-7 88122 88985 0.449
dke_a-contig-7 89083 89736 0.414
dke_a-contig-7 89649 89834 0.414
dke_a-contig-7 89834 90766 0.443
dke_a-contig-7 90934 91158 0.387
dke_a-contig-7 91477 91641 0.358
dke_a-contig-7 92246 92686 0.420
dke_a-contig-7 92676 92900 0.440
dke_a-contig-7 93305 93955 0.530
dke_a-contig-7 94054 94800 0.483
dke_a-contig-7 94800 94991 0.448
dke_a-contig-7 95014 95652 0.463
dke_a-contig-7 95769 96362 0.443
dke_a-contig-7 96508 96903 0.437
dke_a-contig-7 97029 97493 0.406
dke_a-contig-7 97634 98302 0.429
dke_a-contig-7 98481 99092 0.444
dke_a-contig-7 99239 101983 0.461
dke_a-contig-7 102081 102677 0.447
dke_a-contig-7 102778 103551 0.451
dke_a-contig-7 103745 105046 0.441
dke_a-contig-7 105177 105545 0.420
dke_a-contig-7 105650 106108 0.429
dke_a-contig-7 106443 106604 0.438
dke_a-contig-7 106843 107772 0.467
dke_a-contig-7 107780 109078 0.462
dke_a-contig-7 109226 109903 0.448
dke_a-contig-7 109900 111087 0.483
dke_a-contig-7 111139 113061 0.437
dke_a-contig-7 113176 113796 0.443
dke_a-contig-7 113977 114498 0.429
dke_a-contig-7 114638 115627 0.452
dke_a-contig-7 115624 116418 0.469
dke_a-contig-7 116419 117210 0.472
dke_a-contig-7 117278 117571 0.388
dke_a-contig-7 117581 118894 0.418
dke_a-contig-7 118977 119858 0.423
dke_a-contig-7 119984 121153 0.438
dke_a-contig-7 121262 123217 0.496
dke_a-contig-7 123230 124363 0.482
dke_a-contig-7 124366 125010 0.445
dke_a-contig-7 125109 125522 0.471
dke_a-contig-7 125609 126076 0.466
dke_a-contig-7 126281 128554 0.503
dke_a-contig-7 128671 130575 0.439
dke_a-contig-7 130523 132484 0.435
dke_a-contig-7 132498 133412 0.431
dke_a-contig-7 133417 134364 0.482
dke_a-contig-7 134369 136879 0.479
dke_a-contig-7 136970 137386 0.487
dke_a-contig-7 137456 137671 0.495
dke_a-contig-7 137730 138398 0.474
dke_a-contig-7 138398 141214 0.487
dke_a-contig-7 141303 142730 0.460
dke_a-contig-7 142869 143750 0.471
dke_a-contig-7 143878 144594 0.445
dke_a-contig-7 144605 145492 0.458
dke_a-contig-7 145540 147654 0.488
dke_a-contig-7 147714 148796 0.469
dke_a-contig-7 148810 151377 0.433
dke_a-contig-7 151416 152420 0.399
dke_a-contig-7 152417 154663 0.398
dke_a-contig-7 154936 155106 0.398
dke_a-contig-7 155090 155791 0.379
dke_a-contig-7 155778 156413 0.385
dke_a-contig-7 156415 157500 0.401
dke_a-contig-7 157509 158225 0.423
dke_a-contig-7 158235 159251 0.409
dke_a-contig-7 159265 159669 0.444
dke_a-contig-7 159768 161288 0.398
dke_a-contig-7 161304 163268 0.497
dke_a-contig-7 163336 163977 0.478
dke_a-contig-7 164191 164433 0.502
dke_a-contig-7 164552 165070 0.513
dke_a-contig-7 165075 166172 0.523
dke_a-contig-7 166476 166766 0.481
dke_a-contig-7 166874 167527 0.425
dke_a-contig-7 167583 168122 0.480
dke_a-contig-7 168310 168918 0.346
dke_a-contig-7 168915 169112 0.394
dke_a-contig-7 169294 169584 0.485
dke_a-contig-7 169700 170110 0.433
dke_a-contig-7 170287 170742 0.434
dke_a-contig-7 170748 171101 0.424
dke_a-contig-7 171111 172847 0.508
dke_a-contig-7 172923 173735 0.476
dke_a-contig-7 173859 174911 0.495
dke_a-contig-7 174903 175832 0.482
dke_a-contig-7 175946 176899 0.465
dke_a-contig-7 176986 177273 0.365
dke_a-contig-7 177299 177826 0.407
dke_a-contig-7 178080 178697 0.458
dke_a-contig-7 178796 179263 0.442
dke_a-contig-7 179317 180828 0.491
dke_a-contig-7 181314 181976 0.437
dke_a-contig-7 182168 182545 0.519
dke_a-contig-7 182715 183818 0.489
dke_a-contig-7 183815 184057 0.510
dke_a-contig-7 184140 184781 0.464
dke_a-contig-7 184723 185361 0.473
dke_a-contig-7 185365 186753 0.471
dke_a-contig-7 186809 187600 0.479
dke_a-contig-7 187738 188538 0.431
dke_a-contig-7 188584 189150 0.370
dke_a-contig-7 189171 189590 0.412
dke_a-contig-7 189720 190898 0.460
dke_a-contig-7 190900 192135 0.489
dke_a-contig-7 192144 193679 0.471
dke_a-contig-7 194022 194246 0.378
